-6335.7318719459645
-6322.738746579362
-6313.955903294012
-6305.294050633009
-6292.5864965529145
-6270.938362032468
-6242.686289578553
-6211.986826348559
-6057.510130208166
-6014.99375716266
-5884.356766775512
-5834.279673664667
-5658.841785873032
-5600.423370300587
-5536.615390173265
-5414.064419192633
-5345.799762989811
-5265.771197387614
-5179.032575241119
-5094.167986052658
-5007.041391732806
-4699.243310666045
-4605.381812242413
-4304.161952989798
-4204.88685594847
-3883.2562977956586
-3524.0466490114604
-3424.224827557866
-3323.9109983458725
-3226.2866972068628
-3132.513906866713
-3042.319961395563
-2953.586441554903
-2864.1262199200883
-2773.166231289767
-2680.9534925486496
-2587.01983717834
-2175.9099312983826
-2094.59196153038
-2013.9360263393523
-1935.242308358965
-1859.7135543007848
-1788.0905147141311
-1532.7549425053603
-1472.7603810397322
-1415.8363239656442
-1361.0267371267023
-1307.2588516088304
-1133.3780338987294
-1085.0256582510576
-1039.158064494111
-947.3135963230408
-906.120010162051
-869.5184548232455
-726.9137652055626
-696.3613735964343
-667.9596796754411
-640.3560323099225
-591.7008529078888
-568.2960223440289
-546.1049802223833
-525.5488558562049
-506.89330756197444
-457.9521390986923
-441.9545429029488
-400.1533823196363
-386.33491591301515
-374.17977368468325
-321.4983832190082
-312.64023778038234
-284.5765552451036
-277.1935582580792
-227.37648977646614
-221.867853515119
-42.730264036536596
-40.977441271621444
-39.272441713290505
-37.61481817504476
-36.00411189921354
-34.43985201730794
-32.92155506328683
-31.448724495354156
-30.02085022816732
-28.637408214872266
-27.29786005171684
-26.001652611788614
-24.74821774028399
-23.53697197226171
-22.367316319569454
-21.238636101703264
-20.150300839269
-19.101664212208277
-18.09206408110407
-17.120822583779898
-16.187246303623112
-15.290626515484519
-14.43023951245334
-13.605347013308059
-12.815196653992388
-12.059022563027753
-11.336046021395248
-10.645476206183048
-9.98651101707847
-9.358337983308857
-8.760135248563728
-8.191072630240773
-7.650312748700507
-7.13701222137151
-6.650322916065534
-6.189393256845236
-5.75336957540037
-5.341397500271881
-4.952623375627439
-4.586195701117049
-4.241266583839946
-3.916993193290466
-3.612539210069883
-3.3270762590872778
-3.059785318115928
-2.8098580927255625
-2.576498348978248
-2.358923195599088
-2.156364307920848
-1.9680690864046255
-1.793301743199379
-1.6313443109706327
-1.481497568928603
-1.3430818818282546
-1.2154379485306208
-1.0979274575582139
-0.9899336479454917
-0.8908617744853586
-0.8001394773192203
-0.7172170565974909
-0.6415676536653478
-0.5726873409593054
-0.5100951233923183
-0.45333285464928963
-0.40196507227659595
-0.355578755938609
-0.31378301357932514
-0.27620870055415025
-0.24250797702850946
-0.21235380914812652
-0.185439419564716
-0.16147769301042558
-0.14020054256779702
-0.1213582422617634
-0.10471873149693067
-0.09006689672281709
-0.07720383553343169
-0.06594610819871605
-0.05612498139316102
-0.04758566862663827
-0.04018657160017014
-0.03379852642876813
-0.028304058365790752
-0.02359664835326214
-0.01958001443085422
-0.016167410700532514
-0.013280946259207838
-0.010850926200745903
-0.008815216496586231
-0.007118634279109415
-0.005712364773373224
-0.0045534058754270745
-0.003604041098299149
-0.002831341401176246
-0.002206696164504862
-0.0017053733904361934
-0.0013061090030888067
-0.0009907249331604362
-0.000743775535511304
-0.0005522217113238526
-0.00040513198156588714
-0.0002934096509576989
-0.00020954507164105962
-0.00014739194119073318
-0.0001019664877119908
-6.926832491416235e-5
-4.6121714468938535e-5
-3.0035924901028466e-5
-1.9083357823745928e-5
-1.179409249707497e-5
-7.065493091928943e-6
-4.0855321969957e-6
-2.268506529512493e-6
-1.2018330508567487e-6
-6.026687309201861e-7
-2.8313225541864995e-7
-1.2295691931285546e-7
-4.848002310708921e-8
-1.6928059842769017e-8
-5.050576845633259e-9
-1.220220813280548e-9
-2.1898394209074468e-10
-2.5199398123731953e-11
-1.4654943925052066e-12
-1.5903944827755367e-13
0.0