0.0
202.71449678146865
332.14547660898785
457.4496309661467
585.1025759486346
717.1044998114968
852.7236253393564
983.8039216482706
1528.863813418512
1640.9448786465498
1936.4840762831648
2040.46037297243
2387.181990268571
2490.6755996407705
2586.0310827282783
2767.1269601012436
2864.690716742326
2962.7637530515626
3062.5956538297182
3159.2275385317866
3246.250664164027
3532.9502208253957
3605.352182131512
3817.5664418256597
3877.806190327722
4055.2104461812714
4244.357097545195
4289.056461738665
4328.601782927035
4361.878634212589
4389.586522709785
4414.7003203939985
4438.793499770042
4460.580570066358
4477.899059102059
4489.171706606534
4493.891267815169
4509.803020864786
4507.557687550787
4500.048232995308
4488.90774223323
4474.231103860827
4455.513782976348
4378.544599809224
4356.44015485195
4331.933012673416
4305.460673331255
4275.971610395739
4175.1474447924875
4141.115535624507
4104.420803017057
4026.8615114452646
3987.8447846981153
3947.3231854154265
3781.7209584323596
3741.896475142189
3700.4714812123575
3659.8528035080567
3587.343246699256
3552.0632430494907
3515.6045079877886
3478.296309343765
3440.4408968917933
3332.2537212567618
3296.4085189292246
3192.0426750232264
3156.072394913923
3118.7791891096726
2944.9836972081284
2911.044714640984
2789.948587456052
2756.377093778868
2503.4648089378493
2473.0286878456154
1354.2952203301693
1343.3014611145225
1332.3254364810844
1321.3665675068332
1310.4242656896392
1299.4979335874903
1288.5869655363676
1277.6907484119197
1266.8086624308485
1255.940081993614
1245.084376592028
1234.24091173857
1223.4090499563736
1212.5881518046438
1201.7775769403195
1190.9766852253194
1180.1848378582474
1169.4013985435834
1158.625734683179
1147.857218589061
1137.0952287151633
1126.3391508970647
1115.5883795980649
1104.8423191536212
1094.1003850069121
1083.3620049297497
1072.6266202206964
1061.8936868732765
1051.162676706755
1040.4330784519982
1029.7043987848335
1018.9761632996177
1008.2479174161192
997.5192272127707
986.7896801801252
976.0588858887126
965.3264765660708
954.5921075785353
943.8554578138946
933.1162299620793
922.3741506916414
911.6289707209387
900.8804647835809
890.1284314888698
879.3726930786689
868.6130950831906
857.8495058790755
847.0818161537863
836.3099382812946
825.5338056148092
814.7533717026566
803.9686094342878
793.1795101236148
782.3860825374663
771.5883518770281
760.7863587204672
749.9801579349594
739.1698175663176
728.3554177143578
717.5370494019952
706.7148134456651
695.8888193344802
685.0591841250704
674.2260313586281
663.3894900061284
652.5496934473151
641.7067784882772
630.8608844220443
620.0121521360055
609.1607232692272
598.3067394224354
587.4503414226126
576.5916686436556
565.7308583841913
554.8680453028802
544.0033609112315
533.1369331235048
522.2688858627383
511.3993387217933
500.52840667772705
489.65619985768086
478.78282335417856
467.90837708743504
457.0329557121814
446.1566485662791
435.27953965836286
424.40170769158937
413.52322612048573
402.64416323800066
391.7645822896688
380.8845416119628
370.0040947918277
359.1232908445578
348.2421744071558
337.3607859444364
326.4791619652651
315.59733524641
304.71533506157664
293.8331874134113
282.9509152663143
272.0685387781091
261.18607552874613
250.3035407443529
239.42094751514873
228.5383070058818
217.655628657573
206.7729203795677
195.89018873103984
185.00743909122568
174.12467581785424
163.24190239338208
152.35912155878546
141.4763354348163
130.593545630769
119.71075334092676
108.8279594290068
97.94516450102415
87.06236896711974
76.17957309300319
65.29677704175586
54.413980906838304
43.53118473721227
32.648388555576574
21.765592370764395
10.882796185404532
0.0